VP (m/s)	BULK DENSITY (g/cm3)	POROSITY (%)	VAC STAGE
193	1.728	0.420	0
192	1.728	0.420	1
192	1.728	0.420	2
190	1.718	0.423	0
193	1.718	0.423	1
186	1.718	0.423	2
181	1.786	0.401	0
181	1.786	0.401	1
180	1.786	0.401	2
177	1.677	0.437	0
183	1.677	0.437	1
178	1.677	0.437	2
179	1.743	0.415	0
180	1.743	0.415	1
181	1.743	0.415	2
180	1.714	0.425	0
179	1.714	0.425	1
180	1.714	0.425	2
182	1.682	0.436	0
185	1.682	0.436	1
187	1.682	0.436	2
			
			
			
			
			
			
			
			
			
			
			
			
			
			
			
			
			
			
			
			
			
			
			
			
